0.00000000e+000	2.43351778e-005	2.40567019e-005	-3.67096336e-006	
4.04721471e-003	3.00062459e-002	2.96480475e-002	-4.62256100e-003	
8.09442943e-003	1.94667597e-003	1.88868340e-003	-4.71616738e-004	
1.21416441e-002	7.06229101e-004	6.66324313e-004	-2.34033019e-004	
1.61888589e-002	6.36784281e-004	5.81849755e-004	-2.58737479e-004	
2.02360736e-002	5.84844385e-004	5.32383675e-004	-2.42096216e-004	
2.42832883e-002	5.18672973e-004	4.82629816e-004	-1.89973981e-004	
2.83305030e-002	4.96519498e-004	4.70299771e-004	-1.59216008e-004	
3.23777177e-002	4.21385296e-004	4.07113120e-004	-1.08740403e-004	
3.64249324e-002	3.72859556e-004	3.63548830e-004	-8.28039636e-005	
4.04721471e-002	3.12718453e-004	3.07601294e-004	-5.63407048e-005	
4.45193619e-002	2.88374356e-004	2.84524541e-004	-4.69633351e-005	
4.85665766e-002	2.54728028e-004	2.51679465e-004	-3.92914119e-005	
5.26137913e-002	2.09368292e-004	2.07406037e-004	-2.85975124e-005	
5.66610060e-002	1.61694901e-004	1.60497024e-004	-1.96455179e-005	
6.07082207e-002	1.35389180e-004	1.34606512e-004	-1.45367477e-005	
6.47554354e-002	1.20883323e-004	1.20268735e-004	-1.21741248e-005	
6.88026501e-002	1.02927298e-004	1.02436914e-004	-1.00353107e-005	
7.28498649e-002	8.75317233e-005	8.71400345e-005	-8.27145483e-006	
7.68970796e-002	7.60431449e-005	7.57201122e-005	-7.00174931e-006	
8.09442943e-002	6.44380338e-005	6.41684030e-005	-5.88865414e-006	
8.49915090e-002	5.82322732e-005	5.80066217e-005	-5.12147265e-006	
8.90387237e-002	5.20978197e-005	5.19065433e-005	-4.46022283e-006	
9.30859384e-002	4.57397138e-005	4.55739983e-005	-3.88999981e-006	
9.71331531e-002	4.08525255e-005	4.07086768e-005	-3.42526932e-006	
1.01180368e-001	3.75686077e-005	3.74395192e-005	-3.11170146e-006	
1.05227583e-001	3.42847365e-005	3.41703615e-005	-2.79813360e-006	
1.09274797e-001	3.11932200e-005	3.10929328e-005	-2.49930085e-006	
1.13322012e-001	2.85585085e-005	2.84688164e-005	-2.26161417e-006	
1.17369227e-001	2.52643740e-005	2.51874936e-005	-1.96945715e-006	
1.21416441e-001	2.30840857e-005	2.30145473e-005	-1.79042603e-006	
1.25463656e-001	2.11849298e-005	2.11227723e-005	-1.62164788e-006	
1.29510871e-001	1.93788784e-005	1.93227934e-005	-1.47329109e-006	
1.33558086e-001	1.76077207e-005	1.75572217e-005	-1.33258870e-006	
1.37605300e-001	1.63171388e-005	1.62710556e-005	-1.22546625e-006	
1.41652515e-001	1.49486874e-005	1.49068245e-005	-1.11796134e-006	
1.45699730e-001	1.37728136e-005	1.37345708e-005	-1.02565068e-006	
1.49746944e-001	1.27751210e-005	1.27399432e-005	-9.47398419e-007	
1.53794159e-001	1.18451565e-005	1.18129353e-005	-8.73093836e-007	
1.57841374e-001	1.09575372e-005	1.09278966e-005	-8.05416599e-007	
1.61888589e-001	1.00716546e-005	1.00445798e-005	-7.38000045e-007	
1.65935803e-001	9.57034685e-006	9.54483018e-006	-6.98395067e-007	
1.69983018e-001	9.08103505e-006	9.05703769e-006	-6.59746948e-007	
1.74030233e-001	8.60275462e-006	8.58018581e-006	-6.22734731e-007	
1.78077447e-001	8.07049017e-006	8.04948409e-006	-5.81908471e-007	
1.82124662e-001	7.48879665e-006	7.46934266e-006	-5.39440006e-007	
1.86171877e-001	6.99755978e-006	6.97947240e-006	-5.02799919e-007	
1.90219092e-001	6.53634971e-006	6.51954240e-006	-4.68438272e-007	
1.94266306e-001	6.18535366e-006	6.16951577e-006	-4.42351838e-007	
1.98313521e-001	5.84383233e-006	5.82895624e-006	-4.16707880e-007	
2.02360736e-001	5.47242096e-006	5.45853584e-006	-3.89586464e-007	
2.06407950e-001	5.18757700e-006	5.17445353e-006	-3.68762443e-007	
2.10455165e-001	4.90954247e-006	4.89715982e-006	-3.48472409e-007	
2.14502380e-001	4.66153699e-006	4.64982406e-006	-3.30247345e-007	
2.18549595e-001	4.43021667e-006	4.41911930e-006	-3.13375729e-007	
2.22596809e-001	4.21437767e-006	4.20384564e-006	-2.97759910e-007	
2.26644024e-001	4.00646868e-006	3.99648382e-006	-2.82680670e-007	
2.30691239e-001	3.80776408e-006	3.79830485e-006	-2.68230329e-007	
2.34738453e-001	3.61844221e-006	3.60947461e-006	-2.54591949e-007	
2.38785668e-001	3.43938234e-006	3.43087918e-006	-2.41700048e-007	
2.42832883e-001	3.29230024e-006	3.28418080e-006	-2.31078662e-007	
2.46880098e-001	3.15127581e-006	3.14351903e-006	-2.20969081e-007	
2.50927312e-001	3.00328631e-006	2.99590850e-006	-2.10382856e-007	
2.54974527e-001	2.87556702e-006	2.86852006e-006	-2.01192300e-007	
2.59021742e-001	2.75702818e-006	2.75028756e-006	-1.92672536e-007	
2.63068956e-001	2.63770950e-006	2.63127164e-006	-1.84176526e-007	
2.67116171e-001	2.53612954e-006	2.52995163e-006	-1.76911807e-007	
2.71163386e-001	2.43329846e-006	2.42738275e-006	-1.69571103e-007	
2.75210601e-001	2.33317830e-006	2.32751219e-006	-1.62505320e-007	
2.79257815e-001	2.24487578e-006	2.23943206e-006	-1.56241266e-007	
2.83305030e-001	2.15747544e-006	2.15225258e-006	-1.50030344e-007	
2.87352245e-001	2.07712954e-006	2.07210757e-006	-1.44351426e-007	
2.91399459e-001	1.99166559e-006	1.98685587e-006	-1.38331376e-007	
2.95446674e-001	1.92429819e-006	1.91965572e-006	-1.33586736e-007	
2.99493889e-001	1.85794906e-006	1.85347270e-006	-1.28894033e-007	
3.03541104e-001	1.78495827e-006	1.78066556e-006	-1.23718066e-007	
3.07588318e-001	1.71955927e-006	1.71542788e-006	-1.19127097e-007	
3.11635533e-001	1.66646749e-006	1.66246946e-006	-1.15365454e-007	
3.15682748e-001	1.61594625e-006	1.61207402e-006	-1.11801791e-007	
3.19729962e-001	1.56437680e-006	1.56063196e-006	-1.08178925e-007	
3.23777177e-001	1.50466282e-006	1.50106299e-006	-1.04019717e-007	
3.27824392e-001	1.45367221e-006	1.45019743e-006	-1.00450551e-007	
3.31871607e-001	1.40771101e-006	1.40434978e-006	-9.72213588e-008	
3.35918821e-001	1.36808944e-006	1.36482685e-006	-9.44265952e-008	
3.39966036e-001	1.32890083e-006	1.32573464e-006	-9.16793436e-008	
3.44013251e-001	1.28865979e-006	1.28559094e-006	-8.88819348e-008	
3.48060465e-001	1.24586581e-006	1.24290090e-006	-8.59008089e-008	
3.52107680e-001	1.21273894e-006	1.20985487e-006	-8.35879372e-008	
3.56154895e-001	1.17529391e-006	1.17249992e-006	-8.09920961e-008	
3.60202110e-001	1.13895889e-006	1.13625213e-006	-7.84758118e-008	
3.64249324e-001	1.10961091e-006	1.10697588e-006	-7.64249200e-008	
3.68296539e-001	1.08329645e-006	1.08072628e-006	-7.45782199e-008	
3.72343754e-001	1.05460199e-006	1.05210141e-006	-7.25807838e-008	
3.76390968e-001	1.02671997e-006	1.02428723e-006	-7.06367685e-008	
3.80438183e-001	9.98861992e-007	9.96496965e-007	-6.86955434e-008	
3.84485398e-001	9.70449773e-007	9.68152934e-007	-6.67282475e-008	
3.88532613e-001	9.46495405e-007	9.44256012e-007	-6.50702320e-008	
3.92579827e-001	9.22618467e-007	9.20436440e-007	-6.34160563e-008	
3.96627042e-001	9.01561178e-007	8.99429598e-007	-6.19593096e-008	
4.00674257e-001	8.80814147e-007	8.78732253e-007	-6.05242862e-008	
