0.00000000e+000	4.31330767e-005	
9.93995997e-004	4.38189072e-005	
1.98799199e-003	4.45402390e-005	
2.98198799e-003	4.51387982e-005	
3.97598399e-003	4.56625233e-005	
4.96997999e-003	4.61693805e-005	
5.96397598e-003	4.66393988e-005	
6.95797198e-003	4.71065230e-005	
7.95196798e-003	4.75092716e-005	
8.94596398e-003	4.78919130e-005	
9.93995997e-003	4.82458318e-005	
1.09339560e-002	4.85450520e-005	
1.19279520e-002	4.87852407e-005	
1.29219480e-002	4.90132812e-005	
1.39159440e-002	4.91806264e-005	
1.49099400e-002	4.92831527e-005	
1.59039360e-002	4.93357569e-005	
1.68979320e-002	4.93413616e-005	
1.78919280e-002	4.92910164e-005	
1.88859239e-002	4.91898439e-005	
1.98799199e-002	4.90444278e-005	
2.08739159e-002	4.88381119e-005	
2.18679119e-002	4.85550107e-005	
2.28619079e-002	4.82250264e-005	
2.38559039e-002	4.78720624e-005	
2.48498999e-002	4.74531627e-005	
2.58438959e-002	4.69662653e-005	
2.68378919e-002	4.64229456e-005	
2.78318879e-002	4.58401689e-005	
2.88258839e-002	4.51090919e-005	
2.98198799e-002	4.43636256e-005	
3.08138759e-002	4.36563703e-005	
3.18078719e-002	4.28457563e-005	
3.28018679e-002	4.19617679e-005	
3.37958639e-002	4.09472328e-005	
3.47898599e-002	3.99630843e-005	
3.57838559e-002	3.89720094e-005	
3.67778519e-002	3.79484887e-005	
3.77718479e-002	3.68108923e-005	
3.87658439e-002	3.56780874e-005	
3.97598399e-002	3.46279786e-005	
4.07538359e-002	3.35468388e-005	
4.17478319e-002	3.22489875e-005	
4.27418279e-002	3.10774888e-005	
4.37358239e-002	2.98744134e-005	
4.47298199e-002	2.84764181e-005	
4.57238159e-002	2.68571594e-005	
4.67178119e-002	2.51533261e-005	
4.77118079e-002	2.33751152e-005	
4.87058039e-002	2.14814108e-005	
4.96997999e-002	1.92295182e-005	
5.06937959e-002	1.68416999e-005	
5.16877919e-002	1.45575792e-005	
5.26817879e-002	1.18990733e-005	
5.36757839e-002	8.97203662e-006	
5.46697799e-002	6.40273673e-005	
5.56637759e-002	5.37878681e-003	
5.66577718e-002	5.13070697e-003	
5.76517678e-002	4.74669043e-003	
5.86457638e-002	4.30646310e-003	
5.96397598e-002	3.85560323e-003	
6.06337558e-002	3.39347493e-003	
6.16277518e-002	2.96211886e-003	
6.26217478e-002	2.60589120e-003	
6.36157438e-002	2.32675235e-003	
6.46097398e-002	2.04763975e-003	
6.56037358e-002	1.84683574e-003	
6.65977318e-002	1.71167059e-003	
6.75917278e-002	1.57651339e-003	
6.85857238e-002	1.44136637e-003	
6.95797198e-002	1.30623271e-003	
7.05737158e-002	1.17111701e-003	
7.15677118e-002	1.07407276e-003	
7.25617078e-002	9.96727803e-004	
7.35557038e-002	9.19387503e-004	
7.45496998e-002	8.42053146e-004	
7.55436958e-002	7.64726538e-004	
7.65376918e-002	6.87410292e-004	
7.75316878e-002	6.37826395e-004	
7.85256838e-002	5.96483279e-004	
7.95196798e-002	5.55142631e-004	
8.05136758e-002	5.13805046e-004	
8.15076718e-002	4.72471329e-004	
8.25016678e-002	4.31142593e-004	
8.34956638e-002	4.11958736e-004	
8.44896598e-002	3.95839965e-004	
8.54836558e-002	3.79721452e-004	
8.64776518e-002	3.63603230e-004	
8.74716478e-002	3.47485342e-004	
8.84656438e-002	3.31367834e-004	
8.94596398e-002	3.15250766e-004	
9.04536358e-002	2.99134209e-004	
9.14476318e-002	2.83018250e-004	
9.24416278e-002	2.66902998e-004	
9.34356237e-002	2.50788588e-004	
9.44296197e-002	2.35709683e-004	
9.54236157e-002	2.30002336e-004	
9.64176117e-002	2.24295012e-004	
9.74116077e-002	2.18587715e-004	
9.84056037e-002	2.12880445e-004	
9.93995997e-002	2.07173205e-004	
1.00393596e-001	2.01465997e-004	
1.01387592e-001	1.95758825e-004	
1.02381588e-001	1.90051692e-004	
1.03375584e-001	1.84344601e-004	
1.04369580e-001	1.78637556e-004	
1.05363576e-001	1.72930563e-004	
1.06357572e-001	1.67223625e-004	
1.07351568e-001	1.61516749e-004	
1.08345564e-001	1.55809943e-004	
1.09339560e-001	1.50103213e-004	
1.10333556e-001	1.44396568e-004	
1.11327552e-001	1.38690021e-004	
1.12321548e-001	1.32983582e-004	
1.13315544e-001	1.27277266e-004	
1.14309540e-001	1.21571092e-004	
1.15303536e-001	1.15865079e-004	
1.16297532e-001	1.10159253e-004	
1.17291528e-001	1.04453644e-004	
1.18285524e-001	1.00699339e-004	
1.19279520e-001	9.85849020e-005	
1.20273516e-001	9.64704705e-005	
1.21267512e-001	9.43560444e-005	
1.22261508e-001	9.22416240e-005	
1.23255504e-001	9.01272098e-005	
1.24249500e-001	8.80128022e-005	
1.25243496e-001	8.58984016e-005	
1.26237492e-001	8.37840087e-005	
1.27231488e-001	8.16696240e-005	
1.28225484e-001	7.95552482e-005	
1.29219480e-001	7.74408819e-005	
1.30213476e-001	7.53265261e-005	
1.31207472e-001	7.32121815e-005	
1.32201468e-001	7.10978493e-005	
1.33195464e-001	6.89835305e-005	
1.34189460e-001	6.68692264e-005	
1.35183456e-001	6.47549385e-005	
1.36177452e-001	6.26406684e-005	
1.37171448e-001	6.05264179e-005	
1.38165444e-001	5.84121893e-005	
1.39159440e-001	5.62979848e-005	
1.40153436e-001	5.41838075e-005	
1.41147432e-001	5.20696606e-005	
1.42141428e-001	5.13628237e-005	
1.43135424e-001	5.06760450e-005	
1.44129420e-001	4.99892665e-005	
1.45123416e-001	4.93024882e-005	
1.46117412e-001	4.86157100e-005	
1.47111408e-001	4.79289321e-005	
1.48105404e-001	4.72421544e-005	
1.49099400e-001	4.65553769e-005	
1.50093396e-001	4.58685996e-005	
1.51087392e-001	4.51818226e-005	
1.52081388e-001	4.44950458e-005	
1.53075384e-001	4.38082693e-005	
1.54069380e-001	4.31214931e-005	
1.55063376e-001	4.24347172e-005	
1.56057372e-001	4.17479415e-005	
1.57051368e-001	4.10611662e-005	
1.58045364e-001	4.03743913e-005	
1.59039360e-001	3.96876167e-005	
1.60033356e-001	3.90008425e-005	
1.61027352e-001	3.83140686e-005	
1.62021348e-001	3.76272952e-005	
1.63015344e-001	3.69405222e-005	
1.64009340e-001	3.62537497e-005	
1.65003336e-001	3.55669777e-005	
1.65997332e-001	3.48802062e-005	
1.66991328e-001	3.41934353e-005	
1.67985324e-001	3.35066649e-005	
1.68979320e-001	3.28198952e-005	
1.69973316e-001	3.21331261e-005	
1.70967312e-001	3.14463578e-005	
1.71961308e-001	3.07595902e-005	
1.72955304e-001	3.00728234e-005	
1.73949300e-001	2.93860574e-005	
1.74943296e-001	2.86992924e-005	
1.75937292e-001	2.80125284e-005	
1.76931288e-001	2.73257654e-005	
1.77925284e-001	2.66390036e-005	
1.78919280e-001	2.59522431e-005	
1.79913276e-001	2.52654839e-005	
1.80907272e-001	2.45787261e-005	
1.81901268e-001	2.38919699e-005	
1.82895264e-001	2.32052155e-005	
1.83889260e-001	2.25184629e-005	
1.84883256e-001	2.18317124e-005	
1.85877252e-001	2.11449641e-005	
1.86871247e-001	2.04582184e-005	
1.87865243e-001	1.97714753e-005	
1.88859239e-001	1.94767964e-005	
1.89853235e-001	1.92389287e-005	
1.90847231e-001	1.90010609e-005	
1.91841227e-001	1.87631933e-005	
1.92835223e-001	1.85253257e-005	
1.93829219e-001	1.82874581e-005	
1.94823215e-001	1.80495905e-005	
1.95817211e-001	1.78117230e-005	
1.96811207e-001	1.75738556e-005	
1.97805203e-001	1.73359882e-005	
1.98799199e-001	1.70981208e-005	
1.99793195e-001	1.68602535e-005	
2.00787191e-001	1.66223862e-005	
2.01781187e-001	1.63845190e-005	
2.02775183e-001	1.61466519e-005	
2.03769179e-001	1.59087848e-005	
2.04763175e-001	1.56709178e-005	
2.05757171e-001	1.54330509e-005	
2.06751167e-001	1.51951840e-005	
2.07745163e-001	1.49573172e-005	
2.08739159e-001	1.47194505e-005	
2.09733155e-001	1.44815838e-005	
2.10727151e-001	1.42437173e-005	
2.11721147e-001	1.40058508e-005	
2.12715143e-001	1.37679844e-005	
2.13709139e-001	1.35301182e-005	
2.14703135e-001	1.32922520e-005	
2.15697131e-001	1.30543859e-005	
2.16691127e-001	1.28165200e-005	
2.17685123e-001	1.25786542e-005	
2.18679119e-001	1.23407885e-005	
2.19673115e-001	1.21029230e-005	
2.20667111e-001	1.18650576e-005	
2.21661107e-001	1.16271923e-005	
2.22655103e-001	1.13893272e-005	
2.23649099e-001	1.11514623e-005	
2.24643095e-001	1.09135976e-005	
2.25637091e-001	1.06757331e-005	
2.26631087e-001	1.04378688e-005	
2.27625083e-001	1.02000047e-005	
2.28619079e-001	9.96214086e-006	
2.29613075e-001	9.72427729e-006	
2.30607071e-001	9.48641400e-006	
2.31601067e-001	9.24855101e-006	
2.32595063e-001	9.01068835e-006	
2.33589059e-001	8.77282605e-006	
2.34583055e-001	8.53496413e-006	
2.35577051e-001	8.41530491e-006	
2.36571047e-001	8.33465259e-006	
2.37565043e-001	8.25400027e-006	
2.38559039e-001	8.17334795e-006	
2.39553035e-001	8.09269564e-006	
2.40547031e-001	8.01204333e-006	
2.41541027e-001	7.93139103e-006	
2.42535023e-001	7.85073873e-006	
2.43529019e-001	7.77008644e-006	
2.44523015e-001	7.68943415e-006	
2.45517011e-001	7.60878187e-006	
2.46511007e-001	7.52812959e-006	
2.47505003e-001	7.44747732e-006	
2.48498999e-001	7.36682505e-006	
2.49492995e-001	7.28617279e-006	
2.50486991e-001	7.20552054e-006	
2.51480987e-001	7.12486829e-006	
2.52474983e-001	7.04421604e-006	
2.53468979e-001	6.96356381e-006	
2.54462975e-001	6.88291158e-006	
2.55456971e-001	6.80225936e-006	
2.56450967e-001	6.72160714e-006	
2.57444963e-001	6.64095494e-006	
2.58438959e-001	6.56030274e-006	
2.59432955e-001	6.47965055e-006	
2.60426951e-001	6.39899837e-006	
2.61420947e-001	6.31834620e-006	
2.62414943e-001	6.23769403e-006	
2.63408939e-001	6.15704188e-006	
2.64402935e-001	6.07638973e-006	
2.65396931e-001	5.99573760e-006	
2.66390927e-001	5.91508548e-006	
2.67384923e-001	5.83443337e-006	
2.68378919e-001	5.75378127e-006	
2.69372915e-001	5.67312918e-006	
2.70366911e-001	5.59247710e-006	
2.71360907e-001	5.51182504e-006	
2.72354903e-001	5.43117299e-006	
2.73348899e-001	5.35052096e-006	
2.74342895e-001	5.26986894e-006	
2.75336891e-001	5.18921694e-006	
2.76330887e-001	5.10856495e-006	
2.77324883e-001	5.02791299e-006	
2.78318879e-001	4.94726104e-006	
2.79312875e-001	4.86660911e-006	
2.80306871e-001	4.78595720e-006	
2.81300867e-001	4.70530531e-006	
2.82294863e-001	4.65198768e-006	
2.83288859e-001	4.61432754e-006	
2.84282855e-001	4.57666739e-006	
2.85276851e-001	4.53900724e-006	
2.86270847e-001	4.50134710e-006	
2.87264843e-001	4.46368696e-006	
2.88258839e-001	4.42602682e-006	
2.89252835e-001	4.38836668e-006	
2.90246831e-001	4.35070654e-006	
2.91240827e-001	4.31304641e-006	
2.92234823e-001	4.27538627e-006	
2.93228819e-001	4.23772614e-006	
2.94222815e-001	4.20006601e-006	
2.95216811e-001	4.16240588e-006	
2.96210807e-001	4.12474575e-006	
2.97204803e-001	4.08708563e-006	
2.98198799e-001	4.04942550e-006	
2.99192795e-001	4.01176538e-006	
3.00186791e-001	3.97410526e-006	
3.01180787e-001	3.93644514e-006	
3.02174783e-001	3.89878503e-006	
3.03168779e-001	3.86112492e-006	
3.04162775e-001	3.82346481e-006	
3.05156771e-001	3.78580470e-006	
3.06150767e-001	3.74814459e-006	
3.07144763e-001	3.71048449e-006	
3.08138759e-001	3.67282439e-006	
3.09132755e-001	3.63516429e-006	
3.10126751e-001	3.59750420e-006	
3.11120747e-001	3.55984411e-006	
3.12114743e-001	3.52218402e-006	
3.13108739e-001	3.48452393e-006	
3.14102735e-001	3.44686385e-006	
3.15096731e-001	3.40920377e-006	
3.16090727e-001	3.37154369e-006	
3.17084723e-001	3.33388362e-006	
3.18078719e-001	3.29622355e-006	
3.19072715e-001	3.25856349e-006	
3.20066711e-001	3.22090342e-006	
3.21060707e-001	3.18324337e-006	
3.22054703e-001	3.14558331e-006	
3.23048699e-001	3.10792326e-006	
3.24042695e-001	3.07026322e-006	
3.25036691e-001	3.03260318e-006	
3.26030687e-001	2.99494315e-006	
3.27024683e-001	2.95728311e-006	
3.28018679e-001	2.91962309e-006	
3.29012675e-001	2.89150563e-006	
3.30006671e-001	2.87230157e-006	
3.31000667e-001	2.85309751e-006	
3.31994663e-001	2.83389346e-006	
3.32988659e-001	2.81468940e-006	
3.33982655e-001	2.79548534e-006	
3.34976651e-001	2.77628128e-006	
3.35970647e-001	2.75707723e-006	
3.36964643e-001	2.73787317e-006	
3.37958639e-001	2.71866911e-006	
3.38952635e-001	2.69946506e-006	
3.39946631e-001	2.68026100e-006	
3.40940627e-001	2.66105695e-006	
3.41934623e-001	2.64185289e-006	
3.42928619e-001	2.62264884e-006	
3.43922615e-001	2.60344478e-006	
3.44916611e-001	2.58424073e-006	
3.45910607e-001	2.56503668e-006	
3.46904603e-001	2.54583262e-006	
3.47898599e-001	2.52662857e-006	
3.48892595e-001	2.50742452e-006	
3.49886591e-001	2.48822047e-006	
3.50880587e-001	2.46901641e-006	
3.51874583e-001	2.44981236e-006	
3.52868579e-001	2.43060831e-006	
3.53862575e-001	2.41140426e-006	
3.54856571e-001	2.39220021e-006	
3.55850567e-001	2.37299616e-006	
3.56844563e-001	2.35379212e-006	
3.57838559e-001	2.33458807e-006	
3.58832555e-001	2.31538402e-006	
3.59826551e-001	2.29617997e-006	
3.60820547e-001	2.27697593e-006	
3.61814543e-001	2.25777188e-006	
3.62808539e-001	2.23856784e-006	
3.63802535e-001	2.21936379e-006	
3.64796531e-001	2.20015975e-006	
3.65790527e-001	2.18095570e-006	
3.66784523e-001	2.16175166e-006	
3.67778519e-001	2.14254762e-006	
3.68772515e-001	2.12334358e-006	
3.69766511e-001	2.10413954e-006	
3.70760507e-001	2.08493550e-006	
3.71754503e-001	2.06573146e-006	
3.72748499e-001	2.04652742e-006	
3.73742495e-001	2.02732338e-006	
3.74736491e-001	2.00811934e-006	
3.75730487e-001	1.99071723e-006	
3.76724483e-001	1.97594335e-006	
3.77718479e-001	1.96116947e-006	
3.78712475e-001	1.94639559e-006	
3.79706471e-001	1.93162171e-006	
3.80700467e-001	1.91684783e-006	
3.81694463e-001	1.90207395e-006	
3.82688459e-001	1.88730007e-006	
3.83682455e-001	1.87252619e-006	
3.84676451e-001	1.85775231e-006	
3.85670447e-001	1.84297843e-006	
3.86664443e-001	1.82820455e-006	
3.87658439e-001	1.81343067e-006	
3.88652435e-001	1.79865679e-006	
3.89646431e-001	1.78388291e-006	
3.90640427e-001	1.76910903e-006	
3.91634423e-001	1.75433515e-006	
3.92628419e-001	1.73956127e-006	
3.93622415e-001	1.72478739e-006	
3.94616411e-001	1.71001352e-006	
3.95610407e-001	1.69523964e-006	
3.96604403e-001	1.68046576e-006	
3.97598399e-001	1.66569188e-006	
3.98592395e-001	1.65091801e-006	
3.99586391e-001	1.63614413e-006	
4.00580387e-001	1.62137025e-006	
4.01574383e-001	1.60659638e-006	
4.02568379e-001	1.59182250e-006	
4.03562375e-001	1.57704862e-006	
4.04556371e-001	1.56227475e-006	
4.05550367e-001	1.54750087e-006	
4.06544363e-001	1.53272700e-006	
4.07538359e-001	1.51795312e-006	
4.08532355e-001	1.50317925e-006	
4.09526351e-001	1.48840538e-006	
4.10520347e-001	1.47363150e-006	
4.11514343e-001	1.45885763e-006	
4.12508339e-001	1.44408376e-006	
4.13502335e-001	1.42930988e-006	
4.14496331e-001	1.41453601e-006	
4.15490327e-001	1.39976214e-006	
4.16484323e-001	1.38498827e-006	
4.17478319e-001	1.37021440e-006	
4.18472315e-001	1.35544053e-006	
4.19466311e-001	1.34066666e-006	
4.20460307e-001	1.32589279e-006	
4.21454303e-001	1.31111892e-006	
4.22448299e-001	1.29873061e-006	
4.23442295e-001	1.29231331e-006	
4.24436291e-001	1.28589601e-006	
4.25430287e-001	1.27947871e-006	
4.26424283e-001	1.27306141e-006	
4.27418279e-001	1.26664410e-006	
4.28412275e-001	1.26022680e-006	
4.29406271e-001	1.25380950e-006	
4.30400267e-001	1.24739220e-006	
4.31394263e-001	1.24097490e-006	
4.32388259e-001	1.23455760e-006	
4.33382255e-001	1.22814030e-006	
4.34376251e-001	1.22172299e-006	
4.35370247e-001	1.21530569e-006	
4.36364243e-001	1.20888839e-006	
4.37358239e-001	1.20247109e-006	
4.38352235e-001	1.19605379e-006	
4.39346231e-001	1.18963649e-006	
4.40340227e-001	1.18321919e-006	
4.41334223e-001	1.17680189e-006	
4.42328219e-001	1.17038459e-006	
4.43322215e-001	1.16396729e-006	
4.44316211e-001	1.15754999e-006	
4.45310207e-001	1.15113269e-006	
4.46304203e-001	1.14471538e-006	
4.47298199e-001	1.13829808e-006	
4.48292195e-001	1.13188078e-006	
4.49286191e-001	1.12546348e-006	
4.50280187e-001	1.11904618e-006	
4.51274183e-001	1.11262888e-006	
4.52268179e-001	1.10621158e-006	
4.53262175e-001	1.09979428e-006	
4.54256171e-001	1.09337698e-006	
4.55250167e-001	1.08695968e-006	
4.56244163e-001	1.08054238e-006	
4.57238159e-001	1.07412508e-006	
4.58232155e-001	1.06770778e-006	
4.59226151e-001	1.06129048e-006	
4.60220147e-001	1.05487318e-006	
4.61214143e-001	1.04845588e-006	
4.62208139e-001	1.04203858e-006	
4.63202135e-001	1.03562128e-006	
4.64196131e-001	1.02920398e-006	
4.65190127e-001	1.02278669e-006	
4.66184123e-001	1.01636939e-006	
4.67178119e-001	1.00995209e-006	
4.68172115e-001	1.00353479e-006	
4.69166111e-001	9.97234333e-007	
4.70160107e-001	9.91552164e-007	
4.71154103e-001	9.85869994e-007	
4.72148099e-001	9.80187825e-007	
4.73142095e-001	9.74505656e-007	
4.74136091e-001	9.68823487e-007	
4.75130087e-001	9.63141317e-007	
4.76124083e-001	9.57459148e-007	
4.77118079e-001	9.51776979e-007	
4.78112075e-001	9.46094810e-007	
4.79106071e-001	9.40412641e-007	
4.80100067e-001	9.34730472e-007	
4.81094063e-001	9.29048303e-007	
4.82088059e-001	9.23366134e-007	
4.83082055e-001	9.17683965e-007	
4.84076051e-001	9.12001796e-007	
4.85070047e-001	9.06319627e-007	
4.86064043e-001	9.00637458e-007	
4.87058039e-001	8.94955289e-007	
4.88052035e-001	8.89273120e-007	
4.89046031e-001	8.83590951e-007	
4.90040027e-001	8.77908783e-007	
4.91034023e-001	8.72226614e-007	
4.92028019e-001	8.66544445e-007	
4.93022015e-001	8.60862277e-007	
4.94016011e-001	8.55180108e-007	
4.95010007e-001	8.49497939e-007	
4.96004003e-001	8.43815771e-007	
4.96997999e-001	8.38133602e-007	
4.97991995e-001	8.32451434e-007	
4.98985991e-001	8.26769265e-007	
4.99979987e-001	8.21087097e-007	
5.00973983e-001	8.15404928e-007	
5.01967979e-001	8.09722760e-007	
5.02961975e-001	8.04040592e-007	
5.03955971e-001	7.98358424e-007	
5.04949967e-001	7.92676255e-007	
5.05943963e-001	7.86994087e-007	
5.06937959e-001	7.81311919e-007	
5.07931955e-001	7.75629751e-007	
5.08925951e-001	7.69947583e-007	
5.09919947e-001	7.64265415e-007	
5.10913943e-001	7.58583247e-007	
5.11907939e-001	7.52901079e-007	
5.12901935e-001	7.47218911e-007	
5.13895931e-001	7.41536743e-007	
5.14889927e-001	7.35854576e-007	
5.15883923e-001	7.30281888e-007	
5.16877919e-001	7.26416744e-007	
5.17871915e-001	7.22551600e-007	
5.18865911e-001	7.18686456e-007	
5.19859907e-001	7.14821313e-007	
5.20853903e-001	7.10956169e-007	
5.21847899e-001	7.07091025e-007	
5.22841895e-001	7.03225881e-007	
5.23835891e-001	6.99360737e-007	
5.24829887e-001	6.95495594e-007	
5.25823883e-001	6.91630450e-007	
5.26817879e-001	6.87765306e-007	
5.27811875e-001	6.83900162e-007	
5.28805871e-001	6.80035019e-007	
5.29799867e-001	6.76169875e-007	
5.30793863e-001	6.72304731e-007	
5.31787859e-001	6.68439588e-007	
5.32781855e-001	6.64574444e-007	
5.33775851e-001	6.60709300e-007	
5.34769847e-001	6.56844157e-007	
5.35763843e-001	6.52979013e-007	
5.36757839e-001	6.49113870e-007	
5.37751835e-001	6.45248726e-007	
5.38745831e-001	6.41383583e-007	
5.39739827e-001	6.37518439e-007	
5.40733823e-001	6.33653296e-007	
5.41727819e-001	6.29788152e-007	
5.42721815e-001	6.25923009e-007	
5.43715811e-001	6.22057865e-007	
5.44709807e-001	6.18192722e-007	
5.45703803e-001	6.14327578e-007	
5.46697799e-001	6.10462435e-007	
5.47691795e-001	6.06597292e-007	
5.48685791e-001	6.02732148e-007	
5.49679787e-001	5.98867005e-007	
5.50673783e-001	5.95001862e-007	
5.51667779e-001	5.91136718e-007	
5.52661775e-001	5.87271575e-007	
5.53655771e-001	5.83406432e-007	
5.54649767e-001	5.79541289e-007	
5.55643763e-001	5.75676146e-007	
5.56637759e-001	5.71811003e-007	
5.57631755e-001	5.67945859e-007	
5.58625751e-001	5.64080716e-007	
5.59619746e-001	5.60215573e-007	
5.60613742e-001	5.56350430e-007	
5.61607738e-001	5.52485287e-007	
5.62601734e-001	5.48620144e-007	
5.63595730e-001	5.46181653e-007	
5.64589726e-001	5.43843358e-007	
5.65583722e-001	5.41505063e-007	
5.66577718e-001	5.39166768e-007	
5.67571714e-001	5.36828472e-007	
5.68565710e-001	5.34490177e-007	
5.69559706e-001	5.32151882e-007	
5.70553702e-001	5.29813587e-007	
5.71547698e-001	5.27475292e-007	
5.72541694e-001	5.25136997e-007	
5.73535690e-001	5.22798702e-007	
5.74529686e-001	5.20460407e-007	
5.75523682e-001	5.18122112e-007	
5.76517678e-001	5.15783816e-007	
5.77511674e-001	5.13445521e-007	
5.78505670e-001	5.11107226e-007	
5.79499666e-001	5.08768931e-007	
5.80493662e-001	5.06430636e-007	
5.81487658e-001	5.04092341e-007	
5.82481654e-001	5.01754046e-007	
5.83475650e-001	4.99415751e-007	
5.84469646e-001	4.97077456e-007	
5.85463642e-001	4.94739161e-007	
5.86457638e-001	4.92400866e-007	
5.87451634e-001	4.90062571e-007	
5.88445630e-001	4.87724276e-007	
5.89439626e-001	4.85385981e-007	
5.90433622e-001	4.83047686e-007	
5.91427618e-001	4.80709391e-007	
5.92421614e-001	4.78371096e-007	
5.93415610e-001	4.76032801e-007	
5.94409606e-001	4.73694506e-007	
5.95403602e-001	4.71356211e-007	
5.96397598e-001	4.69017916e-007	
5.97391594e-001	4.66679621e-007	
5.98385590e-001	4.64341326e-007	
5.99379586e-001	4.62003031e-007	
6.00373582e-001	4.59664736e-007	
6.01367578e-001	4.57326441e-007	
6.02361574e-001	4.54988146e-007	
6.03355570e-001	4.52649851e-007	
6.04349566e-001	4.50311556e-007	
6.05343562e-001	4.47973261e-007	
6.06337558e-001	4.45634967e-007	
6.07331554e-001	4.43296672e-007	
6.08325550e-001	4.40958377e-007	
6.09319546e-001	4.38620082e-007	
6.10313542e-001	4.36632485e-007	
6.11307538e-001	4.34722384e-007	
6.12301534e-001	4.32812283e-007	
6.13295530e-001	4.30902182e-007	
6.14289526e-001	4.28992080e-007	
6.15283522e-001	4.27081979e-007	
6.16277518e-001	4.25171878e-007	
6.17271514e-001	4.23261777e-007	
6.18265510e-001	4.21351676e-007	
6.19259506e-001	4.19441575e-007	
6.20253502e-001	4.17531474e-007	
6.21247498e-001	4.15621373e-007	
6.22241494e-001	4.13711272e-007	
6.23235490e-001	4.11801171e-007	
6.24229486e-001	4.09891070e-007	
6.25223482e-001	4.07980969e-007	
6.26217478e-001	4.06070868e-007	
6.27211474e-001	4.04160767e-007	
6.28205470e-001	4.02250666e-007	
6.29199466e-001	4.00340565e-007	
6.30193462e-001	3.98430464e-007	
6.31187458e-001	3.96520363e-007	
6.32181454e-001	3.94610262e-007	
6.33175450e-001	3.92700161e-007	
6.34169446e-001	3.90790060e-007	
6.35163442e-001	3.88879959e-007	
6.36157438e-001	3.86969858e-007	
6.37151434e-001	3.85059757e-007	
6.38145430e-001	3.83149656e-007	
6.39139426e-001	3.81239555e-007	
6.40133422e-001	3.79329454e-007	
6.41127418e-001	3.77419353e-007	
6.42121414e-001	3.75509252e-007	
6.43115410e-001	3.73599151e-007	
6.44109406e-001	3.71689050e-007	
6.45103402e-001	3.69778949e-007	
6.46097398e-001	3.67868848e-007	
6.47091394e-001	3.65958747e-007	
6.48085390e-001	3.64048646e-007	
6.49079386e-001	3.62138545e-007	
6.50073382e-001	3.60228444e-007	
6.51067378e-001	3.58318343e-007	
6.52061374e-001	3.56408243e-007	
6.53055370e-001	3.54498142e-007	
6.54049366e-001	3.52588041e-007	
6.55043362e-001	3.50677940e-007	
6.56037358e-001	3.48767839e-007	
6.57031354e-001	3.47310397e-007	
6.58025350e-001	3.46045595e-007	
6.59019346e-001	3.44780793e-007	
6.60013342e-001	3.43515991e-007	
6.61007338e-001	3.42251189e-007	
6.62001334e-001	3.40986387e-007	
6.62995330e-001	3.39721585e-007	
6.63989326e-001	3.38456783e-007	
6.64983322e-001	3.37191981e-007	
6.65977318e-001	3.35927179e-007	
6.66971314e-001	3.34662377e-007	
6.67965310e-001	3.33397575e-007	
6.68959306e-001	3.32132773e-007	
6.69953302e-001	3.30867971e-007	
6.70947298e-001	3.29603169e-007	
6.71941294e-001	3.28338367e-007	
6.72935290e-001	3.27073565e-007	
6.73929286e-001	3.25808763e-007	
6.74923282e-001	3.24543961e-007	
6.75917278e-001	3.23279159e-007	
6.76911274e-001	3.22014357e-007	
6.77905270e-001	3.20749555e-007	
6.78899266e-001	3.19484753e-007	
6.79893262e-001	3.18219951e-007	
6.80887258e-001	3.16955149e-007	
6.81881254e-001	3.15690347e-007	
6.82875250e-001	3.14425545e-007	
6.83869246e-001	3.13160744e-007	
6.84863242e-001	3.11895942e-007	
6.85857238e-001	3.10631140e-007	
6.86851234e-001	3.09366338e-007	
6.87845230e-001	3.08101536e-007	
6.88839226e-001	3.06836734e-007	
6.89833222e-001	3.05571932e-007	
6.90827218e-001	3.04307130e-007	
6.91821214e-001	3.03042328e-007	
6.92815210e-001	3.01777526e-007	
6.93809206e-001	3.00512724e-007	
6.94803202e-001	2.99247922e-007	
6.95797198e-001	2.97983120e-007	
6.96791194e-001	2.96718318e-007	
6.97785190e-001	2.95453517e-007	
6.98779186e-001	2.94188715e-007	
6.99773182e-001	2.92923913e-007	
7.00767178e-001	2.91659111e-007	
7.01761174e-001	2.90394309e-007	
7.02755170e-001	2.89129507e-007	
7.03749166e-001	2.87968956e-007	
7.04743162e-001	2.86883185e-007	
7.05737158e-001	2.85797414e-007	
7.06731154e-001	2.84711642e-007	
7.07725150e-001	2.83625871e-007	
7.08719146e-001	2.82540100e-007	
7.09713142e-001	2.81454329e-007	
7.10707138e-001	2.80368558e-007	
7.11701134e-001	2.79282786e-007	
7.12695130e-001	2.78197015e-007	
7.13689126e-001	2.77111244e-007	
7.14683122e-001	2.76025473e-007	
7.15677118e-001	2.74939702e-007	
7.16671114e-001	2.73853930e-007	
7.17665110e-001	2.72768159e-007	
7.18659106e-001	2.71682388e-007	
7.19653102e-001	2.70596617e-007	
7.20647098e-001	2.69510846e-007	
7.21641094e-001	2.68425075e-007	
7.22635090e-001	2.67339303e-007	
7.23629086e-001	2.66253532e-007	
7.24623082e-001	2.65167761e-007	
7.25617078e-001	2.64081990e-007	
7.26611074e-001	2.62996219e-007	
7.27605070e-001	2.61910448e-007	
7.28599066e-001	2.60824676e-007	
7.29593062e-001	2.59738905e-007	
7.30587058e-001	2.58653134e-007	
7.31581054e-001	2.57567363e-007	
7.32575050e-001	2.56481592e-007	
7.33569046e-001	2.55395821e-007	
7.34563042e-001	2.54310049e-007	
7.35557038e-001	2.53224278e-007	
7.36551034e-001	2.52138507e-007	
7.37545030e-001	2.51052736e-007	
7.38539026e-001	2.49966965e-007	
7.39533022e-001	2.48881194e-007	
7.40527018e-001	2.47795423e-007	
7.41521014e-001	2.46709651e-007	
7.42515010e-001	2.45623880e-007	
7.43509006e-001	2.44538109e-007	
7.44503002e-001	2.43452338e-007	
7.45496998e-001	2.42366567e-007	
7.46490994e-001	2.41280796e-007	
7.47484990e-001	2.40195025e-007	
7.48478986e-001	2.39109253e-007	
7.49472982e-001	2.38023482e-007	
7.50466978e-001	2.37076101e-007	
7.51460974e-001	2.36284053e-007	
7.52454970e-001	2.35492005e-007	
7.53448966e-001	2.34699956e-007	
7.54442962e-001	2.33907908e-007	
7.55436958e-001	2.33115860e-007	
7.56430954e-001	2.32323812e-007	
7.57424950e-001	2.31531763e-007	
7.58418946e-001	2.30739715e-007	
7.59412942e-001	2.29947667e-007	
7.60406938e-001	2.29155619e-007	
7.61400934e-001	2.28363571e-007	
7.62394930e-001	2.27571522e-007	
7.63388926e-001	2.26779474e-007	
7.64382922e-001	2.25987426e-007	
7.65376918e-001	2.25195378e-007	
7.66370914e-001	2.24403329e-007	
7.67364910e-001	2.23611281e-007	
7.68358906e-001	2.22819233e-007	
7.69352902e-001	2.22027185e-007	
7.70346898e-001	2.21235136e-007	
7.71340894e-001	2.20443088e-007	
7.72334890e-001	2.19651040e-007	
7.73328886e-001	2.18858992e-007	
7.74322882e-001	2.18066943e-007	
7.75316878e-001	2.17274895e-007	
7.76310874e-001	2.16482847e-007	
7.77304870e-001	2.15690799e-007	
7.78298866e-001	2.14898750e-007	
7.79292862e-001	2.14106702e-007	
7.80286858e-001	2.13314654e-007	
7.81280854e-001	2.12522606e-007	
7.82274850e-001	2.11730558e-007	
7.83268846e-001	2.10938509e-007	
7.84262842e-001	2.10146461e-007	
7.85256838e-001	2.09354413e-007	
7.86250834e-001	2.08562365e-007	
7.87244830e-001	2.07770316e-007	
7.88238826e-001	2.06978268e-007	
7.89232822e-001	2.06186220e-007	
7.90226818e-001	2.05394172e-007	
7.91220814e-001	2.04602124e-007	
7.92214810e-001	2.03810075e-007	
7.93208806e-001	2.03018027e-007	
7.94202802e-001	2.02225979e-007	
7.95196798e-001	2.01433931e-007	
7.96190794e-001	2.00641882e-007	
7.97184790e-001	1.99832193e-007	
7.98178786e-001	1.98985531e-007	
7.99172782e-001	1.98138870e-007	
8.00166778e-001	1.97292208e-007	
8.01160774e-001	1.96445546e-007	
8.02154770e-001	1.95598885e-007	
8.03148766e-001	1.94752223e-007	
8.04142762e-001	1.93905561e-007	
8.05136758e-001	1.93058900e-007	
8.06130754e-001	1.92212238e-007	
8.07124750e-001	1.91365576e-007	
8.08118746e-001	1.90518915e-007	
8.09112742e-001	1.89672253e-007	
8.10106738e-001	1.88825591e-007	
8.11100734e-001	1.87978930e-007	
8.12094730e-001	1.87132268e-007	
8.13088726e-001	1.86285607e-007	
8.14082722e-001	1.85438945e-007	
8.15076718e-001	1.84592283e-007	
8.16070714e-001	1.83745622e-007	
8.17064710e-001	1.82898960e-007	
8.18058706e-001	1.82052298e-007	
8.19052702e-001	1.81205637e-007	
8.20046698e-001	1.80358975e-007	
8.21040694e-001	1.79691558e-007	
8.22034690e-001	1.79068732e-007	
8.23028686e-001	1.78445906e-007	
8.24022682e-001	1.77823080e-007	
8.25016678e-001	1.77200254e-007	
8.26010674e-001	1.76577429e-007	
8.27004670e-001	1.75954603e-007	
8.27998666e-001	1.75331777e-007	
8.28992662e-001	1.74708951e-007	
8.29986658e-001	1.74086125e-007	
8.30980654e-001	1.73463299e-007	
8.31974650e-001	1.72840473e-007	
8.32968646e-001	1.72217647e-007	
8.33962642e-001	1.71594821e-007	
8.34956638e-001	1.70971996e-007	
8.35950634e-001	1.70349170e-007	
8.36944630e-001	1.69726344e-007	
8.37938626e-001	1.69103518e-007	
8.38932622e-001	1.68480692e-007	
8.39926618e-001	1.67857866e-007	
8.40920614e-001	1.67235040e-007	
8.41914610e-001	1.66612214e-007	
8.42908606e-001	1.65989388e-007	
8.43902602e-001	1.65408800e-007	
8.44896598e-001	1.64966753e-007	
8.45890594e-001	1.64524706e-007	
8.46884590e-001	1.64082659e-007	
8.47878586e-001	1.63640612e-007	
8.48872582e-001	1.63198565e-007	
8.49866578e-001	1.62756518e-007	
8.50860574e-001	1.62314471e-007	
8.51854570e-001	1.61872424e-007	
8.52848566e-001	1.61430377e-007	
8.53842562e-001	1.60988330e-007	
8.54836558e-001	1.60546282e-007	
8.55830554e-001	1.60104235e-007	
8.56824550e-001	1.59662188e-007	
8.57818546e-001	1.59220141e-007	
8.58812542e-001	1.58778094e-007	
8.59806538e-001	1.58336047e-007	
8.60800534e-001	1.57894000e-007	
8.61794530e-001	1.57451953e-007	
8.62788526e-001	1.57009906e-007	
8.63782522e-001	1.56567859e-007	
8.64776518e-001	1.56125812e-007	
8.65770514e-001	1.55683765e-007	
8.66764510e-001	1.55241718e-007	
8.67758506e-001	1.54799671e-007	
8.68752502e-001	1.54357624e-007	
8.69746498e-001	1.53915577e-007	
8.70740494e-001	1.53473530e-007	
8.71734490e-001	1.53031482e-007	
8.72728486e-001	1.52589435e-007	
8.73722482e-001	1.52147388e-007	
8.74716478e-001	1.51705341e-007	
8.75710474e-001	1.51263294e-007	
8.76704470e-001	1.50821247e-007	
8.77698466e-001	1.50379200e-007	
8.78692462e-001	1.49937153e-007	
8.79686458e-001	1.49495106e-007	
8.80680454e-001	1.49053059e-007	
8.81674450e-001	1.48611012e-007	
8.82668446e-001	1.48168965e-007	
8.83662442e-001	1.47726918e-007	
8.84656438e-001	1.47284871e-007	
8.85650434e-001	1.46842824e-007	
8.86644430e-001	1.46400777e-007	
8.87638426e-001	1.45958730e-007	
8.88632422e-001	1.45516683e-007	
8.89626418e-001	1.45074635e-007	
8.90620414e-001	1.44642284e-007	
8.91614410e-001	1.44288327e-007	
8.92608406e-001	1.43934371e-007	
8.93602402e-001	1.43580415e-007	
8.94596398e-001	1.43226458e-007	
8.95590394e-001	1.42872502e-007	
8.96584390e-001	1.42518546e-007	
8.97578386e-001	1.42164590e-007	
8.98572382e-001	1.41810633e-007	
8.99566378e-001	1.41456677e-007	
9.00560374e-001	1.41102721e-007	
9.01554370e-001	1.40748764e-007	
9.02548366e-001	1.40394808e-007	
9.03542362e-001	1.40040852e-007	
9.04536358e-001	1.39686896e-007	
9.05530354e-001	1.39332939e-007	
9.06524350e-001	1.38978983e-007	
9.07518346e-001	1.38625027e-007	
9.08512342e-001	1.38271070e-007	
9.09506338e-001	1.37917114e-007	
9.10500334e-001	1.37563158e-007	
9.11494330e-001	1.37209202e-007	
9.12488326e-001	1.36855245e-007	
9.13482322e-001	1.36501289e-007	
9.14476318e-001	1.36147333e-007	
9.15470314e-001	1.35793376e-007	
9.16464310e-001	1.35439420e-007	
9.17458306e-001	1.35085464e-007	
9.18452302e-001	1.34731508e-007	
9.19446298e-001	1.34377551e-007	
9.20440294e-001	1.34023595e-007	
9.21434290e-001	1.33669639e-007	
9.22428286e-001	1.33315682e-007	
9.23422282e-001	1.32961726e-007	
9.24416278e-001	1.32607770e-007	
9.25410274e-001	1.32253814e-007	
9.26404270e-001	1.31899857e-007	
9.27398266e-001	1.31545901e-007	
9.28392262e-001	1.31191945e-007	
9.29386258e-001	1.30837988e-007	
9.30380254e-001	1.30484032e-007	
9.31374249e-001	1.30130076e-007	
9.32368245e-001	1.29776120e-007	
9.33362241e-001	1.29422163e-007	
9.34356237e-001	1.29068207e-007	
9.35350233e-001	1.28714251e-007	
9.36344229e-001	1.28360294e-007	
9.37338225e-001	1.28005968e-007	
9.38332221e-001	1.27647149e-007	
9.39326217e-001	1.27288377e-007	
9.40320213e-001	1.26929604e-007	
9.41314209e-001	1.26570832e-007	
9.42308205e-001	1.26212059e-007	
9.43302201e-001	1.25853287e-007	
9.44296197e-001	1.25494514e-007	
9.45290193e-001	1.25135742e-007	
9.46284189e-001	1.24776970e-007	
9.47278185e-001	1.24418197e-007	
9.48272181e-001	1.24059425e-007	
9.49266177e-001	1.23700652e-007	
9.50260173e-001	1.23341880e-007	
9.51254169e-001	1.22983107e-007	
9.52248165e-001	1.22624335e-007	
9.53242161e-001	1.22265562e-007	
9.54236157e-001	1.21906790e-007	
9.55230153e-001	1.21548018e-007	
9.56224149e-001	1.21189245e-007	
9.57218145e-001	1.20830473e-007	
9.58212141e-001	1.20471700e-007	
9.59206137e-001	1.20112928e-007	
9.60200133e-001	1.19754155e-007	
9.61194129e-001	1.19395383e-007	
9.62188125e-001	1.19036610e-007	
9.63182121e-001	1.18677838e-007	
9.64176117e-001	1.18319066e-007	
9.65170113e-001	1.17960293e-007	
9.66164109e-001	1.17601521e-007	
9.67158105e-001	1.17242748e-007	
9.68152101e-001	1.16883976e-007	
9.69146097e-001	1.16525203e-007	
9.70140093e-001	1.16166431e-007	
9.71134089e-001	1.15807659e-007	
9.72128085e-001	1.15448886e-007	
9.73122081e-001	1.15090114e-007	
9.74116077e-001	1.14731341e-007	
9.75110073e-001	1.14372569e-007	
9.76104069e-001	1.14013796e-007	
9.77098065e-001	1.13655024e-007	
9.78092061e-001	1.13296251e-007	
9.79086057e-001	1.12937479e-007	
9.80080053e-001	1.12578707e-007	
9.81074049e-001	1.12219934e-007	
9.82068045e-001	1.11861162e-007	
9.83062041e-001	1.11502389e-007	
9.84056037e-001	1.11143617e-007	
9.85050033e-001	1.10837601e-007	
9.86044029e-001	1.10538004e-007	
9.87038025e-001	1.10238407e-007	
9.88032021e-001	1.09938811e-007	
9.89026017e-001	1.09639214e-007	
9.90020013e-001	1.09339617e-007	
9.91014009e-001	1.09040021e-007	
9.92008005e-001	1.08740424e-007	
9.93002001e-001	1.08440827e-007	
9.93995997e-001	1.08141230e-007	
9.94989993e-001	1.07841634e-007	
9.95983989e-001	1.07542037e-007	
9.96977985e-001	1.07242440e-007	
9.97971981e-001	1.06942844e-007	
9.98965977e-001	1.06643247e-007	
9.99959973e-001	1.06343650e-007	
1.00095397e+000	1.06044053e-007	
1.00194797e+000	1.05744457e-007	
1.00294196e+000	1.05444860e-007	
1.00393596e+000	1.05145263e-007	
1.00492995e+000	1.04845667e-007	
1.00592395e+000	1.04546070e-007	
1.00691795e+000	1.04246473e-007	
1.00791194e+000	1.03946876e-007	
1.00890594e+000	1.03647280e-007	
1.00989993e+000	1.03347683e-007	
1.01089393e+000	1.03048086e-007	
1.01188793e+000	1.02748490e-007	
1.01288192e+000	1.02448893e-007	
1.01387592e+000	1.02149296e-007	
1.01486991e+000	1.01849699e-007	
1.01586391e+000	1.01550103e-007	
1.01685791e+000	1.01250506e-007	
1.01785190e+000	1.00950909e-007	
1.01884590e+000	1.00651313e-007	
1.01983989e+000	1.00351716e-007	
1.02083389e+000	1.00052119e-007	
1.02182789e+000	9.97525224e-008	
1.02282188e+000	9.94529257e-008	
1.02381588e+000	9.91533290e-008	
1.02480987e+000	9.88537323e-008	
1.02580387e+000	9.85541356e-008	
1.02679787e+000	9.82545389e-008	
1.02779186e+000	9.79549422e-008	
1.02878586e+000	9.76553454e-008	
1.02977985e+000	9.73557487e-008	
1.03077385e+000	9.70561520e-008	
1.03176785e+000	9.68326903e-008	
1.03276184e+000	9.66308707e-008	
1.03375584e+000	9.64290510e-008	
1.03474983e+000	9.62272314e-008	
1.03574383e+000	9.60254117e-008	
1.03673783e+000	9.58235921e-008	
1.03773182e+000	9.56217724e-008	
1.03872582e+000	9.54199528e-008	
1.03971981e+000	9.52181331e-008	
1.04071381e+000	9.50163135e-008	
1.04170781e+000	9.48144938e-008	
1.04270180e+000	9.46126742e-008	
1.04369580e+000	9.44108545e-008	
1.04468979e+000	9.42090349e-008	
1.04568379e+000	9.40072152e-008	
1.04667779e+000	9.38053956e-008	
1.04767178e+000	9.36035759e-008	
1.04866578e+000	9.34017563e-008	
1.04965977e+000	9.31999366e-008	
1.05065377e+000	9.29981170e-008	
1.05164777e+000	9.27962973e-008	
1.05264176e+000	9.25944777e-008	
1.05363576e+000	9.23926580e-008	
1.05462975e+000	9.21908384e-008	
1.05562375e+000	9.19890187e-008	
1.05661775e+000	9.17871991e-008	
1.05761174e+000	9.15853794e-008	
1.05860574e+000	9.13835598e-008	
1.05959973e+000	9.11817402e-008	
1.06059373e+000	9.09799205e-008	
1.06158773e+000	9.07781009e-008	
1.06258172e+000	9.05762812e-008	
1.06357572e+000	9.03744616e-008	
1.06456971e+000	9.01726419e-008	
1.06556371e+000	8.99708223e-008	
1.06655771e+000	8.97690026e-008	
1.06755170e+000	8.95671830e-008	
1.06854570e+000	8.93653633e-008	
1.06953969e+000	8.91635437e-008	
1.07053369e+000	8.89617240e-008	
1.07152769e+000	8.87599044e-008	
1.07252168e+000	8.85580847e-008	
1.07351568e+000	8.83562651e-008	
1.07450967e+000	8.81544454e-008	
1.07550367e+000	8.79526258e-008	
1.07649767e+000	8.77508061e-008	
1.07749166e+000	8.75489865e-008	
1.07848566e+000	8.73543958e-008	
1.07947965e+000	8.71637218e-008	
1.08047365e+000	8.69730478e-008	
1.08146765e+000	8.67823737e-008	
1.08246164e+000	8.65916997e-008	
1.08345564e+000	8.64010257e-008	
1.08444963e+000	8.62103516e-008	
1.08544363e+000	8.60196776e-008	
1.08643763e+000	8.58290036e-008	
1.08743162e+000	8.56383295e-008	
1.08842562e+000	8.54476555e-008	
1.08941961e+000	8.52569815e-008	
1.09041361e+000	8.50663074e-008	
1.09140761e+000	8.48756334e-008	
1.09240160e+000	8.46849594e-008	
1.09339560e+000	8.44942853e-008	
1.09438959e+000	8.43036113e-008	
1.09538359e+000	8.41129373e-008	
1.09637759e+000	8.39222632e-008	
1.09737158e+000	8.37315892e-008	
1.09836558e+000	8.35409152e-008	
1.09935957e+000	8.33502411e-008	
1.10035357e+000	8.31595671e-008	
1.10134757e+000	8.29688931e-008	
1.10234156e+000	8.27782191e-008	
1.10333556e+000	8.25875450e-008	
1.10432955e+000	8.23968710e-008	
1.10532355e+000	8.22061970e-008	
1.10631755e+000	8.20155229e-008	
1.10731154e+000	8.18248489e-008	
1.10830554e+000	8.16341749e-008	
1.10929953e+000	8.14435008e-008	
1.11029353e+000	8.12528268e-008	
1.11128753e+000	8.10621528e-008	
1.11228152e+000	8.08714787e-008	
1.11327552e+000	8.06808047e-008	
1.11426951e+000	8.04901307e-008	
1.11526351e+000	8.02994567e-008	
1.11625751e+000	8.01087826e-008	
1.11725150e+000	7.99181086e-008	
1.11824550e+000	7.97274346e-008	
1.11923949e+000	7.95367605e-008	
1.12023349e+000	7.93460865e-008	
1.12122748e+000	7.91554125e-008	
1.12222148e+000	7.89647384e-008	
1.12321548e+000	7.87740644e-008	
1.12420947e+000	7.85833904e-008	
1.12520347e+000	7.84014310e-008	
1.12619746e+000	7.82264632e-008	
1.12719146e+000	7.80514955e-008	
1.12818546e+000	7.78765278e-008	
1.12917945e+000	7.77015601e-008	
1.13017345e+000	7.75265924e-008	
1.13116744e+000	7.73516247e-008	
1.13216144e+000	7.71766570e-008	
1.13315544e+000	7.70016893e-008	
1.13414943e+000	7.68267216e-008	
1.13514343e+000	7.66517539e-008	
1.13613742e+000	7.64767862e-008	
1.13713142e+000	7.63018184e-008	
1.13812542e+000	7.61268507e-008	
1.13911941e+000	7.59518830e-008	
1.14011341e+000	7.57769153e-008	
1.14110740e+000	7.56019476e-008	
1.14210140e+000	7.54269799e-008	
1.14309540e+000	7.52520122e-008	
1.14408939e+000	7.50770445e-008	
1.14508339e+000	7.49020768e-008	
1.14607738e+000	7.47271091e-008	
1.14707138e+000	7.45521414e-008	
1.14806538e+000	7.43771736e-008	
1.14905937e+000	7.42022059e-008	
1.15005337e+000	7.40272382e-008	
1.15104736e+000	7.38522705e-008	
1.15204136e+000	7.36773028e-008	
1.15303536e+000	7.35023351e-008	
1.15402935e+000	7.33273674e-008	
1.15502335e+000	7.31523997e-008	
1.15601734e+000	7.29774320e-008	
1.15701134e+000	7.28024643e-008	
1.15800534e+000	7.26274966e-008	
1.15899933e+000	7.24525289e-008	
1.15999333e+000	7.22775611e-008	
1.16098732e+000	7.21025934e-008	
1.16198132e+000	7.19276257e-008	
1.16297532e+000	7.17526580e-008	
1.16396931e+000	7.15776903e-008	
1.16496331e+000	7.14027226e-008	
1.16595730e+000	7.12277549e-008	
1.16695130e+000	7.10527872e-008	
1.16794530e+000	7.08778195e-008	
1.16893929e+000	7.07028518e-008	
1.16993329e+000	7.05278841e-008	
1.17092728e+000	7.03529164e-008	
1.17192128e+000	7.02042071e-008	
1.17291528e+000	7.00919587e-008	
1.17390927e+000	6.99797102e-008	
1.17490327e+000	6.98674618e-008	
1.17589726e+000	6.97552133e-008	
1.17689126e+000	6.96429648e-008	
1.17788526e+000	6.95307164e-008	
1.17887925e+000	6.94184679e-008	
1.17987325e+000	6.93062195e-008	
1.18086724e+000	6.91939710e-008	
1.18186124e+000	6.90817225e-008	
1.18285524e+000	6.89694741e-008	
1.18384923e+000	6.88572256e-008	
1.18484323e+000	6.87449772e-008	
1.18583722e+000	6.86327287e-008	
1.18683122e+000	6.85204802e-008	
1.18782522e+000	6.84082318e-008	
1.18881921e+000	6.82959833e-008	
1.18981321e+000	6.81837349e-008	
1.19080720e+000	6.80714864e-008	
1.19180120e+000	6.79592379e-008	
1.19279520e+000	6.78469895e-008	
1.19378919e+000	6.77347410e-008	
1.19478319e+000	6.76224926e-008	
1.19577718e+000	6.75102441e-008	
1.19677118e+000	6.73979957e-008	
1.19776518e+000	6.72857472e-008	
1.19875917e+000	6.71734987e-008	
1.19975317e+000	6.70612503e-008	
1.20074716e+000	6.69490018e-008	
1.20174116e+000	6.68367534e-008	
1.20273516e+000	6.67245049e-008	
1.20372915e+000	6.66122564e-008	
1.20472315e+000	6.65000080e-008	
1.20571714e+000	6.63877595e-008	
1.20671114e+000	6.62755111e-008	
1.20770514e+000	6.61632626e-008	
1.20869913e+000	6.60510141e-008	
1.20969313e+000	6.59387657e-008	
1.21068712e+000	6.58265172e-008	
1.21168112e+000	6.57142688e-008	
1.21267512e+000	6.56020203e-008	
1.21366911e+000	6.54897718e-008	
1.21466311e+000	6.53775234e-008	
1.21565710e+000	6.52652749e-008	
1.21665110e+000	6.51530265e-008	
1.21764510e+000	6.50407780e-008	
1.21863909e+000	6.49211703e-008	
1.21963309e+000	6.47848421e-008	
1.22062708e+000	6.46485140e-008	
1.22162108e+000	6.45121858e-008	
1.22261508e+000	6.43758577e-008	
1.22360907e+000	6.42395295e-008	
1.22460307e+000	6.41032014e-008	
1.22559706e+000	6.39668732e-008	
1.22659106e+000	6.38305451e-008	
1.22758506e+000	6.36942169e-008	
1.22857905e+000	6.35578888e-008	
1.22957305e+000	6.34215606e-008	
1.23056704e+000	6.32852325e-008	
1.23156104e+000	6.31489043e-008	
1.23255504e+000	6.30125762e-008	
1.23354903e+000	6.28762480e-008	
1.23454303e+000	6.27399199e-008	
1.23553702e+000	6.26035917e-008	
1.23653102e+000	6.24672636e-008	
1.23752502e+000	6.23309354e-008	
1.23851901e+000	6.21946073e-008	
1.23951301e+000	6.20582791e-008	
1.24050700e+000	6.19219510e-008	
1.24150100e+000	6.17856228e-008	
1.24249500e+000	6.16492947e-008	
1.24348899e+000	6.15129665e-008	
1.24448299e+000	6.13766384e-008	
1.24547698e+000	6.12403102e-008	
1.24647098e+000	6.11039821e-008	
1.24746498e+000	6.09676539e-008	
1.24845897e+000	6.08313258e-008	
1.24945297e+000	6.06949976e-008	
1.25044696e+000	6.05586695e-008	
1.25144096e+000	6.04223413e-008	
1.25243496e+000	6.02860132e-008	
1.25342895e+000	6.01496850e-008	
1.25442295e+000	6.00133569e-008	
1.25541694e+000	5.98770287e-008	
1.25641094e+000	5.97407006e-008	
1.25740494e+000	5.96043724e-008	
1.25839893e+000	5.94680443e-008	
1.25939293e+000	5.93317161e-008	
1.26038692e+000	5.91953880e-008	
1.26138092e+000	5.90590598e-008	
1.26237492e+000	5.89227317e-008	
1.26336891e+000	5.87864035e-008	
1.26436291e+000	5.86500754e-008	
1.26535690e+000	5.85209491e-008	
1.26635090e+000	5.84216466e-008	
1.26734490e+000	5.83223442e-008	
1.26833889e+000	5.82230418e-008	
1.26933289e+000	5.81237394e-008	
1.27032688e+000	5.80244370e-008	
1.27132088e+000	5.79251346e-008	
1.27231488e+000	5.78258321e-008	
1.27330887e+000	5.77265297e-008	
1.27430287e+000	5.76272273e-008	
1.27529686e+000	5.75279249e-008	
1.27629086e+000	5.74286225e-008	
1.27728486e+000	5.73293201e-008	
1.27827885e+000	5.72300176e-008	
1.27927285e+000	5.71307152e-008	
1.28026684e+000	5.70314128e-008	
1.28126084e+000	5.69321104e-008	
1.28225484e+000	5.68328080e-008	
1.28324883e+000	5.67335055e-008	
1.28424283e+000	5.66342031e-008	
1.28523682e+000	5.65349007e-008	
1.28623082e+000	5.64355983e-008	
1.28722482e+000	5.63362959e-008	
1.28821881e+000	5.62369935e-008	
1.28921281e+000	5.61376910e-008	
1.29020680e+000	5.60383886e-008	
1.29120080e+000	5.59390862e-008	
1.29219480e+000	5.58397838e-008	
1.29318879e+000	5.57404814e-008	
1.29418279e+000	5.56411790e-008	
1.29517678e+000	5.55418765e-008	
1.29617078e+000	5.54425741e-008	
1.29716478e+000	5.53432717e-008	
1.29815877e+000	5.52439693e-008	
1.29915277e+000	5.51446669e-008	
1.30014676e+000	5.50453645e-008	
1.30114076e+000	5.49460620e-008	
1.30213476e+000	5.48467596e-008	
1.30312875e+000	5.47474572e-008	
1.30412275e+000	5.46481548e-008	
1.30511674e+000	5.45488524e-008	
1.30611074e+000	5.44495500e-008	
1.30710474e+000	5.43502475e-008	
1.30809873e+000	5.42509451e-008	
1.30909273e+000	5.41516427e-008	
1.31008672e+000	5.40523403e-008	
1.31108072e+000	5.39530379e-008	
1.31207472e+000	5.38555582e-008	
1.31306871e+000	5.37821852e-008	
1.31406271e+000	5.37088123e-008	
1.31505670e+000	5.36354394e-008	
1.31605070e+000	5.35620665e-008	
1.31704470e+000	5.34886936e-008	
1.31803869e+000	5.34153206e-008	
1.31903269e+000	5.33419477e-008	
1.32002668e+000	5.32685748e-008	
1.32102068e+000	5.31952019e-008	
1.32201468e+000	5.31218289e-008	
1.32300867e+000	5.30484560e-008	
1.32400267e+000	5.29750831e-008	
1.32499666e+000	5.29017102e-008	
1.32599066e+000	5.28283372e-008	
1.32698466e+000	5.27549643e-008	
1.32797865e+000	5.26815914e-008	
1.32897265e+000	5.26082185e-008	
1.32996664e+000	5.25348455e-008	
1.33096064e+000	5.24614726e-008	
1.33195464e+000	5.23880997e-008	
1.33294863e+000	5.23147268e-008	
1.33394263e+000	5.22413538e-008	
1.33493662e+000	5.21679809e-008	
1.33593062e+000	5.20946080e-008	
1.33692462e+000	5.20212351e-008	
1.33791861e+000	5.19478622e-008	
1.33891261e+000	5.18744892e-008	
1.33990660e+000	5.18011163e-008	
1.34090060e+000	5.17277434e-008	
1.34189460e+000	5.16543705e-008	
1.34288859e+000	5.15809975e-008	
1.34388259e+000	5.15076246e-008	
1.34487658e+000	5.14342517e-008	
1.34587058e+000	5.13608788e-008	
1.34686458e+000	5.12875058e-008	
1.34785857e+000	5.12141329e-008	
1.34885257e+000	5.11407600e-008	
1.34984656e+000	5.10673871e-008	
1.35084056e+000	5.09940141e-008	
1.35183456e+000	5.09206412e-008	
1.35282855e+000	5.08472683e-008	
1.35382255e+000	5.07738954e-008	
1.35481654e+000	5.07005224e-008	
1.35581054e+000	5.06271495e-008	
1.35680454e+000	5.05537766e-008	
1.35779853e+000	5.04804037e-008	
1.35879253e+000	5.04070308e-008	
1.35978652e+000	5.03302291e-008	
1.36078052e+000	5.02533229e-008	
1.36177452e+000	5.01764167e-008	
1.36276851e+000	5.00995104e-008	
1.36376251e+000	5.00226042e-008	
1.36475650e+000	4.99456980e-008	
1.36575050e+000	4.98687918e-008	
1.36674450e+000	4.97918856e-008	
1.36773849e+000	4.97149794e-008	
1.36873249e+000	4.96380731e-008	
1.36972648e+000	4.95611669e-008	
1.37072048e+000	4.94842607e-008	
1.37171448e+000	4.94073545e-008	
1.37270847e+000	4.93304483e-008	
1.37370247e+000	4.92535421e-008	
1.37469646e+000	4.91766359e-008	
1.37569046e+000	4.90997296e-008	
1.37668446e+000	4.90228234e-008	
1.37767845e+000	4.89459172e-008	
1.37867245e+000	4.88690110e-008	
1.37966644e+000	4.87921048e-008	
1.38066044e+000	4.87151986e-008	
1.38165444e+000	4.86382924e-008	
1.38264843e+000	4.85613861e-008	
1.38364243e+000	4.84844799e-008	
1.38463642e+000	4.84075737e-008	
1.38563042e+000	4.83306675e-008	
1.38662442e+000	4.82537613e-008	
1.38761841e+000	4.81768551e-008	
1.38861241e+000	4.80999488e-008	
1.38960640e+000	4.80230426e-008	
1.39060040e+000	4.79461364e-008	
1.39159440e+000	4.78692302e-008	
1.39258839e+000	4.77923240e-008	
1.39358239e+000	4.77154178e-008	
1.39457638e+000	4.76385116e-008	
1.39557038e+000	4.75616053e-008	
1.39656438e+000	4.74846991e-008	
1.39755837e+000	4.74077929e-008	
1.39855237e+000	4.73308867e-008	
1.39954636e+000	4.72539805e-008	
1.40054036e+000	4.71770743e-008	
1.40153436e+000	4.71001681e-008	
1.40252835e+000	4.70232618e-008	
1.40352235e+000	4.69463556e-008	
1.40451634e+000	4.68694494e-008	
1.40551034e+000	4.67925432e-008	
1.40650434e+000	4.67106513e-008	
1.40749833e+000	4.66277337e-008	
1.40849233e+000	4.65448161e-008	
1.40948632e+000	4.64618986e-008	
1.41048032e+000	4.63789810e-008	
1.41147432e+000	4.62960634e-008	
1.41246831e+000	4.62131458e-008	
1.41346231e+000	4.61302282e-008	
1.41445630e+000	4.60473107e-008	
1.41545030e+000	4.59643931e-008	
1.41644430e+000	4.58814755e-008	
1.41743829e+000	4.57985579e-008	
1.41843229e+000	4.57156403e-008	
1.41942628e+000	4.56327227e-008	
1.42042028e+000	4.55498052e-008	
1.42141428e+000	4.54668876e-008	
1.42240827e+000	4.53839700e-008	
1.42340227e+000	4.53010524e-008	
1.42439626e+000	4.52181348e-008	
1.42539026e+000	4.51352173e-008	
1.42638426e+000	4.50522997e-008	
1.42737825e+000	4.49693821e-008	
1.42837225e+000	4.48864645e-008	
1.42936624e+000	4.48101866e-008	
1.43036024e+000	4.47503672e-008	
1.43135424e+000	4.46905479e-008	
1.43234823e+000	4.46307285e-008	
1.43334223e+000	4.45709091e-008	
1.43433622e+000	4.45110898e-008	
1.43533022e+000	4.44512704e-008	
1.43632422e+000	4.43914510e-008	
1.43731821e+000	4.43316317e-008	
1.43831221e+000	4.42718123e-008	
1.43930620e+000	4.42119929e-008	
1.44030020e+000	4.41521736e-008	
1.44129420e+000	4.40923542e-008	
1.44228819e+000	4.40325348e-008	
1.44328219e+000	4.39727155e-008	
1.44427618e+000	4.39128961e-008	
1.44527018e+000	4.38530767e-008	
1.44626418e+000	4.37932574e-008	
1.44725817e+000	4.37334380e-008	
1.44825217e+000	4.36736186e-008	
1.44924616e+000	4.36137993e-008	
1.45024016e+000	4.35539799e-008	
1.45123416e+000	4.34941605e-008	
1.45222815e+000	4.34343411e-008	
1.45322215e+000	4.33845386e-008	
1.45421614e+000	4.33386254e-008	
1.45521014e+000	4.32927122e-008	
1.45620414e+000	4.32467990e-008	
1.45719813e+000	4.32008858e-008	
1.45819213e+000	4.31549726e-008	
1.45918612e+000	4.31090595e-008	
1.46018012e+000	4.30631463e-008	
1.46117412e+000	4.30172331e-008	
1.46216811e+000	4.29713199e-008	
1.46316211e+000	4.29254067e-008	
1.46415610e+000	4.28794935e-008	
1.46515010e+000	4.28038119e-008	
1.46614410e+000	4.27264720e-008	
1.46713809e+000	4.26491321e-008	
1.46813209e+000	4.25717922e-008	
1.46912608e+000	4.24944523e-008	
1.47012008e+000	4.24171124e-008	
1.47111408e+000	4.23397725e-008	
1.47210807e+000	4.22624325e-008	
1.47310207e+000	4.21850926e-008	
1.47409606e+000	4.21077527e-008	
1.47509006e+000	4.20304128e-008	
1.47608406e+000	4.19552669e-008	
1.47707805e+000	4.18908125e-008	
1.47807205e+000	4.18263581e-008	
1.47906604e+000	4.17619037e-008	
1.48006004e+000	4.16974493e-008	
1.48105404e+000	4.16329949e-008	
1.48204803e+000	4.15684866e-008	
1.48304203e+000	4.15039477e-008	
1.48403602e+000	4.14394089e-008	
1.48503002e+000	4.13672143e-008	
1.48602402e+000	4.12797073e-008	
1.48701801e+000	4.11903998e-008	
1.48801201e+000	4.11015009e-008	
1.48900600e+000	4.10088541e-008	
1.49000000e+000	4.09068156e-008	
